//Name-Abhishek Nutiyal
//Roll no.-1601CS02


  N     (Pivot   Random       Sorted       AlmostSorted
         type)
10000      0     0.007562     0.149870     0.005332
10000      1     0.001489     0.001004     0.001005
10000      2     0.001432     0.000616     0.002149
10000      3     0.001415     0.000620     0.000883



100000     0     0.017805    12.350072     0.072565
100000     1     0.019050     0.012660     0.012662
100000     2     0.018302     0.008089     0.016815
100000     3     0.018961     0.008220     0.011475



1000000    0            Time Exceeded
1000000    1     0.214679     0.143740     0.163387
1000000    2     0.213236     0.088774     0.272534
1000000    3     0.213222     0.088663     0.136125



10000000   0            Time  Exceeded 
10000000   1     2.527923     1.621324     1.627918
10000000   2     2.436471     1.041562     3.737525
10000000   3     2.570631     1.045554     1.673767




0 means FIRST,
1 means RANDOM,
2 means MEDIAN OF THREE (1), and
3 means MEDIAN OF THREE (2).